<?xml version="1.0"?>
<opencv_storage>
<camera_matrix type_id="opencv-matrix">
  <rows>3</rows>
  <cols>3</cols>
  <dt>d</dt>
  <data>
    6.4929767576106747e+02 0. 3.1969961804418966e+02 0.
    6.5056027829875688e+02 2.2414207647269248e+02 0. 0. 1.</data></camera_matrix>
<distortion_coefficients type_id="opencv-matrix">
  <rows>5</rows>
  <cols>1</cols>
  <dt>d</dt>
  <data>
    5.4119225915276459e-02 -5.0587000533089299e-01
    1.5856883639795030e-03 8.2224972779151757e-03 8.9519408194865946e-01</data></distortion_coefficients>
<avg_reprojection_error>9.6786821198584794e-01</avg_reprojection_error>
<rvecs type_id="opencv-matrix">
  <rows>12</rows>
  <cols>1</cols>
  <dt>"3d"</dt>
  <data>
    6.0001505151499779e-01 -2.5161384039370183e-01
    8.8482725817459792e-02 -5.3502930871190024e-01
    -1.0842940901132773e-01 -8.0385415167470112e-03
    4.9669481563519156e-02 -1.8896735658135144e-01
    5.0252439469203311e-02 -1.1307915630411956e-01
    -3.6090025203147985e-01 2.3959791694532553e-01
    1.3234477192663638e-01 6.1657958617283992e-01 6.5877540326185393e-03
    6.0094995643174631e-01 3.3622664564506577e-01 1.7529274642927725e-01
    1.1205447569515603e+00 -3.5291156555407943e-01
    2.3508231044532324e-01 -7.1603883042946492e-01
    -5.5012831670322150e-02 -1.2737667607857112e-01
    5.1736695144674372e-01 -8.5482002197223372e-01
    1.3390956886096586e-02 -3.5660771088025606e-01
    -5.9486731674539683e-01 1.5099223322809296e-01
    8.3462798992384002e-01 5.4413868554887634e-01
    -2.5046731619877065e-03 2.0178868066438944e-02
    -7.6116505737875595e-02 -8.2035871383340675e-02</data></rvecs>
<tvecs type_id="opencv-matrix">
  <rows>12</rows>
  <cols>1</cols>
  <dt>"3d"</dt>
  <data>
    -9.4937949975445051e+01 -4.6550089157136014e+01
    4.1424847731246297e+02 -1.0971092138064250e+02
    -8.0543600716860468e+01 4.6854310675755227e+02
    -9.7819450571711414e+01 -8.3997011224890471e+01
    4.2686698478055507e+02 -1.0131456203382828e+02
    -7.8882275888124553e+01 4.4043974680513372e+02
    -1.5117953603813214e+02 -7.8943579790831080e+01
    4.4674219676379141e+02 -1.6645912182790167e+02
    -1.1542461731617365e+02 4.5792512999544522e+02
    -1.2747358275843371e+02 -3.8709090661890279e+01
    4.5697090425821017e+02 -1.4766056865375708e+02
    -4.2012042485581034e+01 4.4635640938681013e+02
    -9.4593152273287046e+01 -1.3491909769592983e+01
    4.0303162922153001e+02 -6.5435485236098543e+01
    -7.6164356065606299e+01 3.8361398612148889e+02
    -1.3271739943523454e+02 -4.2264378621817414e+01
    3.8892591401507519e+02 -1.3855783276258191e+02
    -1.1911474407737369e+02 6.1172364736151940e+02</data></tvecs>
</opencv_storage>
