<?xml version="1.0"?>
<opencv_storage>
<camera_matrix type_id="opencv-matrix">
  <rows>3</rows>
  <cols>3</cols>
  <dt>d</dt>
  <data>
    6.4929769130984994e+02 0. 3.1930012517335587e+02 0.
    6.5056034303995955e+02 2.5485816249414640e+02 0. 0. 1.</data></camera_matrix>
<distortion_coefficients type_id="opencv-matrix">
  <rows>5</rows>
  <cols>1</cols>
  <dt>d</dt>
  <data>
    5.4118746651092002e-02 -5.0586659442852211e-01
    -1.5856533285265584e-03 -8.2225942976498056e-03
    8.9520138446145492e-01</data></distortion_coefficients>
<avg_reprojection_error>9.6786789235381243e-01</avg_reprojection_error>
<rvecs type_id="opencv-matrix">
  <rows>12</rows>
  <cols>1</cols>
  <dt>"3d"</dt>
  <data>
    -3.7778839397955638e-01 -9.0089742172041387e-01
    -2.8942405956427342e+00 1.6778984922243326e-01
    -8.2793249963316728e-01 3.0176411663205354e+00
    -2.9168610197679512e-01 -7.6667951767857956e-02
    -3.0766734460524883e+00 -5.2326550976742736e-01
    1.6395270811155097e-01 -2.8511767060986126e+00
    -9.5451908156670173e-01 2.0488088676391047e-01
    2.9928702542867680e+00 4.9062701915934753e-01
    -8.7691572239331139e-01 -2.7945908637240158e+00
    -4.8795595308739020e-01 -1.5493281561110515e+00
    -2.4263347157314463e+00 8.1316622253590015e-02
    -1.0583962813485130e+00 2.8240237842219944e+00
    -1.2823379038918790e+00 -7.7611475535791974e-01
    -2.7463324959102136e+00 -8.7421934510525323e-01
    5.2407225137909341e-01 -2.8147506894067824e+00
    -8.1918659488426826e-01 1.2565109890998536e+00
    2.7576492372825956e+00 1.1647821962538023e-01 3.0877483223836179e-02
    3.0572040556265119e+00</data></rvecs>
<tvecs type_id="opencv-matrix">
  <rows>12</rows>
  <cols>1</cols>
  <dt>"3d"</dt>
  <data>
    9.4938115287580075e+01 4.6549929179228315e+01 4.1424845237548703e+02
    1.0971110595739529e+02 8.0543417582781416e+01 4.6854306819937102e+02
    9.7819617551251909e+01 8.3996846007827145e+01 4.2686695374809483e+02
    1.0131473764220866e+02 7.8882107287972687e+01 4.4043972920423363e+02
    1.5117971340306903e+02 7.8943406293236492e+01 4.4674214740719276e+02
    1.6645931065058033e+02 1.1542443018382795e+02 4.5792509556491791e+02
    1.2747376631764791e+02 3.8708912388208134e+01 4.5697086342701749e+02
    1.4766074357127223e+02 4.2011873414716725e+01 4.4635633882760351e+02
    9.4593315141109230e+01 1.3491759928524697e+01 4.0303162071685347e+02
    6.5435636366377366e+01 7.6164211752260783e+01 3.8361397071766498e+02
    1.3271755435620196e+02 4.2264228330732927e+01 3.8892588186914253e+02
    1.3855807328679413e+02 1.1911450232735461e+02 6.1172359953382420e+02</data></tvecs>
</opencv_storage>
