<?xml version="1.0"?>
<opencv_storage>
<camera_matrix type_id="opencv-matrix">
  <rows>3</rows>
  <cols>3</cols>
  <dt>d</dt>
  <data>
    6.5001049820969138e+02 0. 3.1027981335932776e+02 0.
    6.5426922888931722e+02 2.2276648285142895e+02 0. 0. 1.</data></camera_matrix>
<distortion_coefficients type_id="opencv-matrix">
  <rows>5</rows>
  <cols>1</cols>
  <dt>d</dt>
  <data>
    8.6766042196538648e-02 -8.2235574638901110e-01
    -2.2496295880489675e-03 7.4741798955109328e-03
    1.8035044511407539e+00</data></distortion_coefficients>
<avg_reprojection_error>1.1332029308930873e-01</avg_reprojection_error>
<rvecs type_id="opencv-matrix">
  <rows>54</rows>
  <cols>1</cols>
  <dt>"3d"</dt>
  <data>
    -1.1510804350734037e-01 -3.5151674142355127e-01
    2.3891629861114147e-01 -7.2723727430016827e-01
    -4.4870948058230803e-02 -1.2179582441297908e-01
    -3.6347475805624807e-01 -5.8600122332216142e-01
    1.5129654394913619e-01 5.0711439387367974e-01
    -8.4277269722735271e-01 6.7540426875826670e-03
    1.2262316849261570e-01 6.2665212896597133e-01 6.6846128413149113e-03
    5.9325867297004331e-01 3.4475697981188963e-01 1.7034261255898159e-01
    -5.4538466232708827e-01 -9.9656270808457639e-02
    -3.8751315878408723e-03 -7.2723727430016827e-01
    -4.4870948058230775e-02 -1.2179582441297908e-01
    -3.6347475805624796e-01 -5.8600122332216165e-01
    1.5129654394913622e-01 5.0711439387367974e-01
    -8.4277269722735260e-01 6.7540426875826922e-03
    1.2262316849261576e-01 6.2665212896597133e-01 6.6846128413149157e-03
    5.9325867297004320e-01 3.4475697981188946e-01 1.7034261255898150e-01
    -5.4538466232708838e-01 -9.9656270808457695e-02
    -3.8751315878408905e-03 -1.1510804350734047e-01
    -3.5151674142355127e-01 2.3891629861114147e-01
    -3.6347475805624807e-01 -5.8600122332216142e-01
    1.5129654394913619e-01 5.0711439387367985e-01
    -8.4277269722735260e-01 6.7540426875827885e-03
    1.2262316849261570e-01 6.2665212896597144e-01 6.6846128413149087e-03
    5.9325867297004320e-01 3.4475697981188946e-01 1.7034261255898150e-01
    -5.4538466232708838e-01 -9.9656270808457764e-02
    -3.8751315878408910e-03 -1.1510804350734050e-01
    -3.5151674142355116e-01 2.3891629861114144e-01
    -7.2723727430016827e-01 -4.4870948058230761e-02
    -1.2179582441297906e-01 5.0711439387367985e-01
    -8.4277269722735260e-01 6.7540426875827850e-03
    1.2262316849261570e-01 6.2665212896597144e-01 6.6846128413149044e-03
    5.9325867297004331e-01 3.4475697981188963e-01 1.7034261255898159e-01
    -5.4538466232708838e-01 -9.9656270808457778e-02
    -3.8751315878408953e-03 -1.1510804350734032e-01
    -3.5151674142355122e-01 2.3891629861114153e-01
    -7.2723727430016838e-01 -4.4870948058230768e-02
    -1.2179582441297905e-01 -3.6347475805624807e-01
    -5.8600122332216142e-01 1.5129654394913616e-01
    1.2262316849261572e-01 6.2665212896597133e-01 6.6846128413149131e-03
    5.9325867297004320e-01 3.4475697981188946e-01 1.7034261255898150e-01
    -5.4538466232708815e-01 -9.9656270808457723e-02
    -3.8751315878408901e-03 -1.1510804350734033e-01
    -3.5151674142355116e-01 2.3891629861114147e-01
    -7.2723727430016838e-01 -4.4870948058230768e-02
    -1.2179582441297906e-01 -3.6347475805624807e-01
    -5.8600122332216142e-01 1.5129654394913619e-01
    5.0711439387367974e-01 -8.4277269722735271e-01
    6.7540426875826853e-03 5.9325867297004309e-01 3.4475697981188969e-01
    1.7034261255898156e-01 -5.4538466232708827e-01
    -9.9656270808457750e-02 -3.8751315878408966e-03
    -1.1510804350734040e-01 -3.5151674142355116e-01
    2.3891629861114153e-01 -7.2723727430016838e-01
    -4.4870948058230775e-02 -1.2179582441297908e-01
    -3.6347475805624807e-01 -5.8600122332216142e-01
    1.5129654394913619e-01 5.0711439387367985e-01
    -8.4277269722735260e-01 6.7540426875827269e-03
    1.2262316849261572e-01 6.2665212896597144e-01 6.6846128413149018e-03
    -5.4538466232708827e-01 -9.9656270808457750e-02
    -3.8751315878408975e-03 -1.1510804350734044e-01
    -3.5151674142355116e-01 2.3891629861114147e-01
    -7.2723727430016838e-01 -4.4870948058230740e-02
    -1.2179582441297905e-01 -3.6347475805624813e-01
    -5.8600122332216154e-01 1.5129654394913619e-01
    5.0711439387367985e-01 -8.4277269722735271e-01
    6.7540426875827685e-03 1.2262316849261569e-01 6.2665212896597144e-01
    6.6846128413149087e-03 5.9325867297004320e-01 3.4475697981188946e-01
    1.7034261255898150e-01 -7.2723727430016838e-01
    -4.4870948058230768e-02 -1.2179582441297908e-01
    -3.6347475805624807e-01 -5.8600122332216142e-01
    1.5129654394913616e-01 5.0711439387367974e-01
    -8.4277269722735271e-01 6.7540426875826861e-03
    1.2262316849261570e-01 6.2665212896597133e-01 6.6846128413149105e-03
    5.9325867297004342e-01 3.4475697981188957e-01 1.7034261255898150e-01</data></rvecs>
