<?xml version="1.0"?>
<opencv_storage>
<camera_matrix type_id="opencv-matrix">
  <rows>3</rows>
  <cols>3</cols>
  <dt>d</dt>
  <data>
    6.5576465672780273e+02 0. 3.1460100183069318e+02 0.
    6.5294177308719020e+02 2.1818893779570502e+02 0. 0. 1.</data></camera_matrix>
<distortion_coefficients type_id="opencv-matrix">
  <rows>5</rows>
  <cols>1</cols>
  <dt>d</dt>
  <data>
    4.5454242552751371e-02 -4.4740548599724494e-01
    5.1651734036836519e-04 8.7846370668623018e-03 5.0518553058936477e-01</data></distortion_coefficients>
<avg_reprojection_error>2.7090547775190071e-01</avg_reprojection_error>
<rvecs type_id="opencv-matrix">
  <rows>19</rows>
  <cols>1</cols>
  <dt>"3d"</dt>
  <data>
    -5.1384700946445638e-01 3.0598805207307250e-01
    1.4658326328866514e-01 -1.3236728057333833e-01
    -3.5592988963638672e-01 2.4158579166708269e-01
    -7.3238607166809722e-01 -4.6307989117132416e-02
    -1.2314215672889284e-01 -3.7126775765654230e-01
    -5.9065562363672552e-01 1.5529773173683153e-01
    5.0292913477746004e-01 -8.4763083727435840e-01
    1.1399607985571060e-02 1.1950212759419503e-01 6.2363621887132537e-01
    5.6339395846439107e-03 5.9038853449805206e-01 3.4528433936710756e-01
    1.7325469385018430e-01 -5.4971354641328984e-01
    -1.0166834946867742e-01 -3.8705193148513783e-03
    5.8446743526897305e-01 -2.4452799932354366e-01
    8.6648625912070287e-02 -5.4971354641328984e-01
    -1.0166834946867745e-01 -3.8705193148513848e-03
    3.4092036661452337e-02 -1.8280264512254313e-01
    5.1723270737623603e-02 -1.3236728057333833e-01
    -3.5592988963638655e-01 2.4158579166708266e-01
    1.1950212759419505e-01 6.2363621887132537e-01 5.6339395846439020e-03
    5.9038853449805184e-01 3.4528433936710773e-01 1.7325469385018427e-01
    -7.3238607166809722e-01 -4.6307989117132388e-02
    -1.2314215672889284e-01 5.0292913477746004e-01
    -8.4763083727435828e-01 1.1399607985571032e-02
    -3.7126775765654252e-01 -5.9065562363672552e-01
    1.5529773173683153e-01 8.2115167953248513e-01 5.4949672091616442e-01
    -5.1054113914545613e-03 6.7675364491492154e-03
    -6.4056702318335143e-02 -8.0274266480204290e-02</data></rvecs>
<tvecs type_id="opencv-matrix">
  <rows>19</rows>
  <cols>1</cols>
  <dt>"3d"</dt>
  <data>
    -1.2684591344538903e+02 -3.3622955530296117e+01
    5.7570328576185580e+02 -9.7977463376258783e+01
    -7.5400324402124824e+01 4.4585425113848055e+02
    -1.4447718262400437e+02 -3.8234928077869291e+01
    4.5148845406002283e+02 -6.2463954697126525e+01
    -7.3264102833113455e+01 3.8836087181039170e+02
    -9.1513155109162483e+01 -9.7471534207530333e+00
    4.0751667871825907e+02 -1.4788801250092905e+02
    -7.5332416042020625e+01 4.5102268866968359e+02
    -1.6293985654467772e+02 -1.1169826764441508e+02
    4.6210466015806412e+02 -1.0630727768861379e+02
    -7.6915842262873014e+01 4.7419062036787471e+02
    -9.1964937852811673e+01 -4.3003914915674805e+01
    4.1967313439068892e+02 -1.0630727768861379e+02
    -7.6915842262872999e+01 4.7419062036787471e+02
    -9.4693001569182258e+01 -8.0679986960967284e+01
    4.3223802235655592e+02 -9.7977463376258783e+01
    -7.5400324402124824e+01 4.4585425113848061e+02
    -1.4788801250092908e+02 -7.5332416042020625e+01
    4.5102268866968365e+02 -1.6293985654467772e+02
    -1.1169826764441508e+02 4.6210466015806418e+02
    -1.4447718262400437e+02 -3.8234928077869291e+01
    4.5148845406002283e+02 -9.1513155109162497e+01
    -9.7471534207530333e+00 4.0751667871825907e+02
    -6.2463954697126539e+01 -7.3264102833113455e+01
    3.8836087181039176e+02 -1.3000194982070477e+02
    -3.8913745452832892e+01 3.9314860888639970e+02
    -1.3408029151659164e+02 -1.1432151520386641e+02
    6.1908850133579176e+02</data></tvecs>
</opencv_storage>
